1 2 24
2 7 18
3 20 18
4 43 35
5 33 46
6 80 56
7 90 83
8 85 96
9 79 83
10 81 88
11 97 98
12 102 105
13 113 99
14 110 81
15 129 104
16 174 108
17 177 101
18 183 104
19 208 94
20 256 128
21 328 122
22 259 120
23 258 127
24 345 129
25 349 120
26 398 149
27 375 126
28 400 132
29 452 144
30 390 120
31 487 151
32 764 178
33 646 150
34 780 182
35 780 163
36 1057 303
37 749 166
38 766 152
39 832 193
40 1043 236
41 1002 215
42 811 175
43 915 189
44 940 176
45 980 189
46 953 181
47 1220 251
48 1446 287
49 999 185
50 1110 217
51 1028 184
52 1003 175
53 1101 190
54 1169 206
55 1311 255
56 1502 225
57 1936 306
58 1259 221
59 1287 229
60 1582 227
61 1770 236
62 1786 247
63 1679 255
64 2618 292
65 2491 262
66 2471 275
67 2780 293
68 2969 306
69 2729 288
70 2614 251
71 2994 297
72 3224 348
73 4345 461
74 3561 355
75 2792 275
76 2793 274
77 2927 287
78 3185 305
79 3530 364
80 2968 260
81 2735 254
82 3035 275
83 3546 344
84 3272 347
85 3041 302
86 3021 302
87 3327 309
88 3448 375
89 3374 340
90 3361 339
91 3794 365
92 3767 371
93 4397 485
94 3942 371
95 3746 372
96 3753 359
97 3817 345
98 3544 327
99 3437 325
100 3506 278
101 3674 351
102 4124 411
103 4067 418
104 4081 401
105 3761 380
106 3884 382
107 4035 406
108 4255 411
109 3791 308
110 4405 420
111 4873 456
112 4185 363
113 4377 406
114 4610 434
115 5247 429
116 5468 413
117 4702 428
118 4750 453
119 4800 467
120 5868 483
121 5906 494
122 5717 438
123 5769 403
124 5999 488
125 5422 428
126 5908 475
127 6301 529
128 9584 489
129 8385 483
130 8740 430
131 10003 544
132 11526 625
133 8952 446
134 8497 434
135 8092 415
136 8353 471
137 8702 493
138 8848 506
139 9262 536
140 10271 550
141 11630 664
142 12290 717
143 10488 625
144 12434 721
145 14116 732
146 15696 846
147 12084 669
148 9797 558
149 9995 563
150 8985 502
151 8966 503
152 9354 522
153 9555 500
154 8613 453
155 9350 495
156 12723 628
157 13107 786
158 12231 597
159 10461 574
160 13272 756
161 11940 712
162 9980 517
163 10425 566
164 9656 511
165 9445 533
166 10174 503
167 10459 595
168 10688 589
169 11012 510
170 9896 491
171 10258 521
172 10199 533
173 10934 637
174 11100 615
175 11069 573
176 10530 537
177 10419 601
178 10231 516
179 11402 630
180 10980 700
181 10337 575
182 10834 627
183 10888 564
184 11498 633
185 11106 623
186 11520 595
187 11755 637
188 12255 657
189 11896 631
190 10983 611
191 11972 614
192 11900 620
193 12394 628
194 12036 598
195 11851 574
196 12312 623
197 11542 585
198 11929 551
199 12140 628
200 12778 681
201 12243 588
202 12829 632
203 12709 720
204 14924 602
205 15374 697
206 15712 731
207 13657 723
208 13127 656
209 14777 760
210 16214 743
211 16601 702
212 15503 692
213 17296 715
214 16763 782
215 14847 667
216 15484 676
217 17191 717
218 15875 663
219 15204 650
220 15996 737
221 16227 695
222 17074 716
223 17785 749
224 15322 634
225 17876 713
226 16849 721
227 16603 626
228 15152 661
229 16830 655
230 16126 639
231 18074 787
232 18428 800
233 17045 736
234 16477 634
235 15817 669
236 17978 787
237 17569 726
238 17983 723
239 18186 718
240 17581 725
241 19376 748
242 17673 734
243 18712 745
244 18582 740
245 17303 774
246 18378 751
247 18553 755
248 19025 762
249 18492 808
250 17340 687
251 18243 762
252 17281 719
253 18684 765
254 17978 709
255 19021 782
256 26360 743
257 28615 780
258 29001 812
259 27386 872
260 28332 808
261 28402 800
262 27197 807
263 27530 768
264 30409 892
265 28424 876
266 29166 862
267 28705 851
268 26206 717
269 29672 931
270 27635 757
271 28953 807
272 30292 955
273 27898 814
274 30897 939
275 28184 728
276 28364 887
277 26805 726
278 29448 821
279 27077 790
280 30779 887
281 31836 879
282 29958 854
283 29439 829
284 55959 1654
285 63883 1815
286 58245 1683
287 53837 1426
288 44872 1118
289 46084 1241
290 45520 1331
291 48565 1347
292 43817 1251
293 48482 1475
294 54017 1416
295 50600 1329
296 33167 993
297 40862 1149
298 32755 877
299 39285 1088
300 44498 1365
301 41883 1165
302 49599 1382
303 37840 1079
304 48971 1367
305 39162 1072
306 36479 1012
307 42050 1170
308 37439 1080
309 38850 1187
310 35657 1108
311 32816 1060
312 51140 1480
313 35808 1056
314 52500 1538
315 35822 942
316 45722 1357
317 42281 1134
318 42036 1129
319 43090 1255
320 39346 1170
321 42253 1194
322 41741 1164
323 39490 1216
324 42779 1185
325 40731 1189
326 35451 1060
327 42870 1237
328 41701 1236
329 54953 1509
330 53159 1314
331 50936 1125
332 45821 1330
333 42644 1359
334 45329 1412
335 40744 1073
336 58983 1521
337 51385 1270
338 53368 1250
339 52808 1281
340 48696 1153
341 57526 1579
342 49624 1285
343 49755 1261
344 61273 1623
345 52329 1279
346 52551 1483
347 52343 1441
348 51976 1389
349 55702 1401
350 50431 1319
351 51569 1259
352 53567 1319
353 54518 1452
354 57326 1472
355 56482 1658
356 47407 1240
357 44291 1115
358 45679 1143
359 43469 1134
360 45818 1208
361 46917 1195
362 41646 1067
363 43887 1072
364 43009 1200
365 41407 991
366 44003 1004
367 44638 1072
368 49959 1282
369 47987 1196
370 42000 1048
371 46576 1252
372 46827 1130
373 56030 1521
374 43004 1025
375 54923 1509
376 54071 1597
377 62430 1741
378 57228 1674
379 53168 1520
380 48930 1391
381 62303 1560
382 60562 1443
383 59144 1323
384 51551 1198
385 55657 1651
386 57905 1579
387 54069 1473
388 52187 1282
389 54807 1423
390 56284 1452
391 53211 1380
392 58523 1345
393 52222 1508
394 61321 1687
395 57909 1600
396 55272 1594
397 61015 1449
398 46443 1140
399 59324 1632
400 48540 1351
401 61928 1577
402 52381 1502
403 58017 1488
404 58074 1704
405 55203 1434
406 59707 1343
407 56383 1593
408 57791 1367
409 59051 1617
410 58742 1671
411 61678 1592
412 60316 1783
413 77801 2109
414 65120 1817
415 53005 1368
416 60973 1664
417 68651 1872
418 78558 1758
419 80659 2056
420 92781 2278
421 95347 2305
422 73292 2128
423 76339 1868
424 74466 1943
425 67424 1899
426 61372 1540
427 65633 1548
428 60165 1539
429 66877 1811
430 66444 1834
431 61771 1838
432 76824 2027
433 67584 1984
434 83927 2103
435 72563 2165
436 65903 1537
437 68556 1825
438 65560 1752
439 71911 2078
440 69220 1669
441 66129 1690
442 86028 2234
443 67181 1999
444 74650 1959
445 68351 1724
446 65151 1611
447 73124 1802
448 64737 1556
449 70508 1887
450 68947 1569
451 72761 2121
452 73421 2158
453 70684 1874
454 69726 1938
455 68145 1992
456 80054 2266
457 72380 1980
458 72853 1980
459 70858 1746
460 68058 1603
461 71465 1887
462 72164 1855
463 69853 1836
464 76118 2135
465 75714 2047
466 73137 2014
467 71788 2265
468 71338 1655
469 76764 2125
470 71758 1829
471 72497 1900
472 94462 2226
473 95265 2169
474 81523 2200
475 70667 1867
476 72567 1540
477 73389 2034
478 70818 1807
479 76955 2282
480 83423 2103
481 77993 2003
482 78018 1817
483 64791 1725
484 66541 1710
485 62939 1547
486 67652 1813
487 64351 1535
488 61954 1722
489 62973 1661
490 66254 1612
491 75172 2032
492 84959 2318
493 89179 2469
494 89491 2556
495 85892 2012
496 91132 1956
497 89514 1711
498 95850 1970
499 95796 2194
500 86310 2048
501 83451 2186
502 83876 2127
503 79731 1949
504 86656 1927
505 89113 1696
506 92230 2308
507 93348 1865
508 93623 2010
509 101282 2299
510 86716 2405
511 95785 2144
512 143288 2370
513 145349 2106
514 166279 2700
515 137321 1840
516 138689 1749
517 134470 1975
518 139832 2191
519 143874 2221
520 139167 2015
521 155496 2372
522 149507 2124
523 137717 2020
524 122224 1828
525 125105 1754
526 124173 1713
527 124556 1839
528 121909 1903
529 123346 1733
530 133851 2005
531 124930 1851
532 139700 2181
533 120339 1847
534 133194 1768
535 130166 1982
536 128598 1730
537 123648 1746
538 123094 2012
539 130526 1878
540 124018 1811
541 121625 1996
542 133456 1930
543 134404 1985
544 129453 1944
545 164261 2467
546 126033 1943
547 127299 1940
548 123796 1735
549 133183 1801
550 157165 2403
551 145168 2436
552 130329 1888
553 130223 2174
554 126073 1925
555 135846 2149
556 125833 1976
557 124254 1871
558 134672 2298
559 153292 2333
560 137353 2049
561 132634 2016
562 118459 1794
563 133879 2144
564 132339 2235
565 135980 2188
566 140879 2071
567 139903 1884
568 137119 2056
569 141049 2141
570 140571 2353
571 150854 2515
572 153851 2358
573 131579 2107
574 125943 1849
575 127502 1831
576 130578 2047
577 115708 1642
578 113067 1793
579 128105 1922
580 128756 2207
581 126667 1834
582 122499 1806
583 141641 2038
584 195095 3260
585 148665 2170
586 141956 2258
587 138821 2157
588 140180 2000
589 159949 2375
590 147920 2215
591 133709 2058
592 139912 2336
593 156701 2486
594 137543 2108
595 126966 1860
596 128466 2015
597 123404 1982
598 155144 2386
599 133796 2104
600 135700 2025
601 130038 2111
602 129528 2017
603 122560 1901
604 131101 2092
605 123681 1772
606 123174 1915
607 135450 1917
608 123692 1878
609 141315 2033
610 140647 2268
611 126684 1731
612 132039 1942
613 140055 2241
614 134990 2215
615 133417 2195
616 129058 1975
617 131534 2185
618 130528 2057
619 132642 2136
620 155219 2184
621 147393 2270
622 145376 2131
623 161151 2621
624 132333 2143
625 129481 1906
626 138218 2127
627 121373 1725
628 141933 2326
629 138900 2062
630 128843 1751
631 171913 2830
632 131538 2129
633 138191 2130
634 128289 1780
635 312643 4914
636 188579 2902
637 189455 2874
638 174110 2490
639 194314 3153
640 171589 2520
641 188258 2834
642 185739 2760
643 182611 2842
644 195366 2636
645 172483 2362
646 168983 2652
647 201297 3034
648 179866 2643
649 204900 3091
650 177399 2504
651 203848 3367
652 171801 2532
653 192921 3099
654 200426 2986
655 189174 2402
656 148776 2399
657 162034 2435
658 174764 2770
659 175425 2392
660 145765 2264
661 196542 2821
662 190483 2552
663 221035 3142
664 187708 3032
665 179293 2401
666 193341 2599
667 192042 2768
668 188302 2833
669 182695 2615
670 164481 2517
671 177200 2557
672 155404 2480
673 173863 2698
674 161266 2556
675 172327 2617
676 182714 2680
677 193082 2711
678 184020 2809
679 206455 2872
680 205781 3107
681 206489 3415
682 167956 2517
683 175076 2530
684 184315 2672
685 191747 2857
686 173560 2731
687 184634 3010
688 171048 2706
689 200247 2981
690 178698 2932
691 196377 2787
692 177918 2566
693 193273 2567
694 195964 3133
695 245742 3330
696 191792 2750
697 205116 2879
698 219079 3325
699 233357 3036
700 212882 3174
701 213982 3203
702 208170 3471
703 231316 3410
704 196199 2908
705 219794 3225
706 227966 3362
707 205579 3120
708 207935 3290
709 197253 3425
710 175982 2742
711 210776 2866
712 204763 2535
713 297305 3913
714 225078 2883
715 318217 4837
716 237480 3659
717 216117 2835
718 227926 3456
719 208798 3085
720 240829 3182
721 255882 3276
722 248678 3306
723 226050 3001
724 218374 2928
725 253126 2988
726 291182 3791
727 210622 2480
728 269276 3637
729 239090 3445
730 221735 2883
731 230211 3061
732 221774 2922
733 238145 3375
734 219017 2938
735 233374 2947
736 232933 3061
737 231196 3205
738 223614 2802
739 266537 3518
740 301665 3778
741 259027 3091
742 231339 3334
743 231095 2992
744 305189 4324
745 307680 3834
746 333278 4084
747 228610 3244
748 327272 4110
749 212772 2412
750 250569 3189
751 257305 3477
752 250580 3166
753 242891 2706
754 234604 3014
755 209815 2834
756 264397 3035
757 247422 3096
758 233379 3134
759 219504 3077
760 202391 2629
761 201270 2513
762 235664 3091
763 200553 2525
764 251598 3496
765 231818 2968
766 232057 3187
767 242921 3144
768 245016 3300
769 222219 2776
770 205306 2699
771 209225 2473
772 207986 2864
773 265180 3447
774 242202 3095
775 217053 2869
776 243629 3336
777 229128 3078
778 222595 2596
779 212500 2407
780 246527 2972
781 225385 2749
782 252378 3167
783 293772 3744
784 263987 3534
785 256352 3334
786 252534 3243
787 286801 3664
788 247124 3310
789 244072 3034
790 295179 3590
791 275736 3866
792 260592 3410
793 256688 3359
794 266066 3621
795 271401 3413
796 232900 2830
797 257121 3418
798 270907 3388
799 239531 2961
800 242290 3141
801 244685 2970
802 291604 3442
803 269191 3213
804 291568 4023
805 279170 3536
806 257515 3125
807 228245 3142
808 280159 3399
809 259583 3165
810 269057 3373
811 252211 3692
812 284700 3255
813 270031 3343
814 278225 3439
815 250989 3176
816 264773 3199
817 270569 3009
818 285880 3652
819 276724 3561
820 261257 3680
821 283470 3589
822 332021 4186
823 245262 2757
824 263214 3156
825 248287 2835
826 282934 3718
827 266116 3930
828 257862 3393
829 263307 3432
830 259918 3147
831 285802 3616
832 255390 3080
833 263998 3453
834 299371 3696
835 427257 5043
836 326971 4202
837 289926 3740
838 306776 3663
839 279685 3437
840 301450 4059
841 278126 3514
842 318211 3863
843 294603 3884
844 291661 3478
845 256886 3205
846 277398 3561
847 285123 3589
848 288151 3785
849 276767 3536
850 281337 3240
851 265007 3104
852 283377 3549
853 388592 4788
854 259607 3083
855 276133 3152
856 303574 4107
857 295363 4103
858 288889 3378
859 278584 3341
860 295072 3836
861 293492 3658
862 258756 3203
863 276089 3452
864 270681 3037
865 290124 3745
866 300523 3804
867 279552 3349
868 286531 3518
869 321526 3583
870 300413 4258
871 279137 3390
872 269181 3300
873 288124 3997
874 296998 3514
875 315141 4452
876 270843 3112
877 305733 4186
878 303583 4348
879 300252 3904
880 276569 3458
881 275000 3172
882 256072 3132
883 281841 3328
884 345714 4453
885 281251 3623
886 296994 3709
887 304825 3584
888 296526 3634
889 328218 4120
890 357153 4696
891 304938 3288
892 304110 3794
893 304729 3594
894 326860 3861
895 327164 4110
896 313097 3760
897 292438 3645
898 345332 4343
899 391994 4602
900 382420 4524
901 379534 4838
902 304025 3346
903 269695 2979
904 253120 3332
905 292852 3775
906 254410 3555
907 223224 2653
908 275196 3233
909 247031 3107
910 252492 3430
911 255132 3183
912 231384 2905
913 232389 2607
914 232032 2738
915 254908 2898
916 241185 3064
917 228086 2688
918 251842 2947
919 237315 2847
920 247478 3414
921 237685 2823
922 266653 3367
923 227998 2844
924 253002 3091
925 237924 3031
926 251691 3244
927 249934 3236
928 242332 2975
929 242472 2908
930 256350 3132
931 243763 3020
932 264668 3156
933 238448 3063
934 233078 2971
935 246672 3047
936 255831 3084
937 243924 2968
938 246249 2904
939 266718 3270
940 258954 3060
941 240330 2949
942 265957 3508
943 239494 2866
944 257346 3485
945 233516 3008
946 247885 2952
947 238410 3061
948 251081 3179
949 245961 3169
950 249496 2927
951 248604 3107
952 246177 2783
953 241166 3064
954 258421 3471
955 251020 2857
956 272903 2932
957 252816 3373
958 249775 3075
959 246454 3150
960 257982 3159
961 254373 3130
962 242502 2791
963 259499 3419
964 262377 3219
965 240678 2843
966 260259 3167
967 284980 3233
968 274668 3400
969 277854 3641
970 262462 2931
971 262642 2972
972 257980 3008
973 259404 2873
974 253169 3030
975 251418 2835
976 251696 3030
977 264174 2930
978 259446 2988
979 272723 3203
980 281597 3015
981 300498 3534
982 287290 2897
983 328829 3997
984 274910 3014
985 262795 3222
986 251246 2930
987 248824 3298
988 240822 2724
989 255364 3253
990 270833 2726
991 277820 3307
992 323175 3338
993 303193 3090
994 339068 3497
995 289825 3154
996 326136 3498
997 314738 3476
998 314544 3401
999 348744 3824
1000 352747 3592